-79.04776227396601, 44.6551034790328
-79.07618342756818, 44.56980423042515
-79.10450856108525, 44.484590400390864
-79.13274041167965, 44.399454536137846
-79.16088219320301, 44.314389183869324
-79.18893677336456, 44.22938682120429
-79.216907902621, 44.14443836505821
-79.24479970683917, 44.059533167473425
-79.27261562230636, 43.97466050531106
-79.3003600599002, 43.88980964828814
-79.32803703403927, 43.80496995713787
-79.35564951880963, 43.72013273887673
-79.3832, 43.63529109631613
-79.41069142669193, 43.55043819690577
-79.43812622216721, 43.465567205682085
-78.61652943058706, 45.917701717465384
-78.64609372965366, 45.83214536503736
-78.67557593738643, 45.746609626629436
-78.70497368439652, 45.66110434166884
-78.7342837901789, 45.57563935131332
-78.76350377785643, 45.490224484931296
-78.79263050900245, 45.404869022357246
-78.82166208040056, 45.319581508755775
-78.85059645615733, 45.23437044047442
-78.87943078218167, 45.14924431628089
-78.90816326545057, 45.064211525871926
-78.93679301993792, 44.97927653215057
-78.96532064878576, 44.89443891233808
-78.99374749993966, 44.80969793553626
-79.02207390586459, 44.72505286803623
-79.05030126317183, 44.640502738977325
-79.078432505318, 44.5560394657142
-79.10647405472197, 44.47164674089525
-79.1344315589322, 44.38730779142405
-79.1623114509031, 44.30300583662563
-79.19011976076324, 44.21872413723217
-79.21786162920779, 44.13444722431735
-79.24554246181458, 44.05016099618415
-79.27316693062397, 43.96585141378918
-79.30074016871916, 43.881504433309765
-79.3282670965301, 43.79710601156258
-79.3557518906326, 43.71264221815318
-79.3832, 43.628099235855174
-79.41061599197339, 43.54346324917417
-79.43800388878876, 43.4587204395957
-79.4653688718729, 43.373856894178644
-79.49271588378586, 43.28885683923057
-79.52005042638439, 43.20370277006941
-79.54737864219392, 43.11837711386996
-79.57470578275512, 43.03286229581277
-79.60203707056155, 42.94714133676742
-79.62937483009931, 42.861207978836795
-79.65671771228955, 42.77506524020664
-79.68406480380592, 42.68871644779437
-79.71141469857223, 42.60216493142389
-79.73876623518913, 42.515414432768196
-79.76611597718949, 42.428475239355684
-79.79345955918474, 42.34136290431176
-79.82079161406813, 42.2540931330385
-79.84810732304982, 42.16668163376254
-79.87540190315288, 42.07914414165357
-79.90267069876303, 41.99149674563685
-79.92990836031764, 41.90375580052605
-79.95711025194716, 41.81593767061658
-79.98427110915704, 41.728058722928616
-78.47330059323149, 46.326975020242344
-78.50303595812308, 46.24196973923467
-78.53275486569875, 46.156793775643756
-78.56243882733071, 46.071500034588084
-78.59206970731037, 45.98614142658409
-78.62162964386202, 45.90077054528733
-78.65110763646351, 45.81542073756664
-78.68050272210625, 45.73009551812826
-78.70981532376788, 45.644795841692776
-78.73904569202202, 45.55952266968764
-78.76819388029874, 45.47427707258365
-78.7972580493131, 45.389065199462024
-78.82623455672278, 45.30390050586681
-78.85511897230155, 45.218797017777135
-78.88390724306015, 45.13376876428618
-78.9125950207485, 45.048829775226366
-78.94117869021356, 44.96399400004084
-78.96965386450547, 44.87927528081471
-78.9980166993529, 44.79468745593296
-79.0262635546839, 44.71024436747942
-79.05439019934484, 44.62595968816452
-79.08239539579428, 44.54184099568745
-79.11027925329303, 44.45788828469996
-79.1380433420867, 44.37410107202445
-79.16568855143194, 44.290478870541435
-79.19321535063105, 44.20702083997843
-79.2206289806016, 44.123715542666424
-79.24793749409223, 44.04053928521934
-79.27514938359302, 43.95746768062154
-79.30227373778791, 43.8744763309526
-79.32931837693016, 43.79154089951838
-79.35629140386301, 43.70863892093039
-79.3832, 43.62574994375002
-79.41005075674357, 43.54285360891818
-79.43685087877417, 43.4599295504009
-79.46360734149691, 43.37695740633921
-79.49032649537267, 43.29391705468009
-79.51701507735505, 43.21078861381734
-79.54367976544226, 43.12755220800444
-79.57032651136102, 43.04418795711071
-79.59696225791183, 42.96067582685684
-79.62359415088406, 42.87699273649049
-79.65023031808029, 42.79311277078925
-79.67687917925208, 42.70900990250381
-79.7035485821763, 42.624658100548594
-79.73024639985236, 42.540032305643315
-79.75697460637095, 42.455124961197704
-79.78373075586227, 42.36994365601708
-79.81051196581035, 42.28449648540593
-79.83731554331186, 42.19879155187112
-79.86413865071546, 42.11283765320895
-79.8909749523813, 42.02665460440817
-79.91781517642875, 41.940271084986975
-79.94465056861074, 41.85371603552911
-79.97147194830207, 41.76701840617273
-79.99827055395602, 41.68020711946315
-80.02503765636008, 41.59331058483707
-80.05176519690181, 41.50635683039253
-80.0784445169481, 41.419373882866346
-80.10506719580354, 41.332389776248554
-80.13162519485537, 41.245431942686686
-80.15811340562115, 41.158519983534404
-80.18452755024009, 41.071668056161414
-80.21086374477471, 40.98489020476667
-80.23711830681269, 40.898200469823564
-78.63113715127952, 45.86364410902507
-78.6608609875261, 45.77748533497362
-78.69058219342973, 45.69111500656705
-78.72029195654497, 45.60455935586864
-78.74998037714334, 45.51784462599347
-78.77963900131347, 45.43099702038222
-78.80925999496625, 45.344040806355146
-78.83883612205321, 45.25699773184753
-78.86835992678023, 45.16988938297655
-78.8978248646378, 45.08273735233588
-78.92722361923082, 44.9955632380973
-78.95654961738921, 44.90838863385481
-78.98579568399101, 44.8212351258674
-79.01495538284686, 44.73412430364615
-79.04402234361841, 44.64707776005627
-79.07298923156888, 44.560117163387716
-79.10184955564132, 44.47326632522618
-79.13059456992654, 44.3865514988851
-79.15921708239023, 44.29999907205092
-79.18770846247585, 44.213635433351435
-79.21606178018673, 44.12748653983693
-79.24427241897725, 44.04156714550329
-79.272340918098, 43.95588004381957
-79.30026729457506, 43.87042744099081
-79.32805156295939, 43.785211538943685
-79.35569436803131, 43.700234030822855
-79.3832, 43.61548500142497
-79.41057567945688, 43.53094292622066
-79.43782986187654, 43.446585770662494
-79.46496992195715, 43.36239149528431
-79.49200431109503, 43.27833817457304
-79.5189392863989, 43.19440630560387
-79.54578114290089, 43.110578655423595
-79.57253610022646, 43.026838076020695
-79.59920998852355, 42.94316741711747
-79.62580892755581, 42.859549514019946
-79.65233837043951, 42.775966969602074
-79.67880477752911, 42.692402182991245
-79.70521405764754, 42.60883754581363
-79.7315718994602, 42.52525544949263
-79.75788430381104, 42.44163818767335
-79.78415745278808, 42.35796643276315
-79.81039830685647, 42.27421952515187
-79.83661293901525, 42.19037676743666
-79.86280837560489, 42.106417464503735
-79.88899090624017, 42.02232165364062
-79.9151632756787, 41.938080292025006
-79.9413254977421, 41.853692742488796
-79.96747770260968, 41.76915858532905
-79.99362085735604, 41.684477402140296
-80.0197541653827, 41.599649124171194
-80.04587653788383, 41.51467841244644
-80.07198541103179, 41.42957333540445
-80.09807856105705, 41.34434203544431
-80.12415344978074, 41.25899265347978
-80.15020754448855, 41.173533389060744
-80.17623849582647, 41.08797318596904
-80.20224351969462, 41.002321490878806
-80.22821951773497, 40.916587760150705
-80.25416425561359, 40.83078145016543
-78.96206768643235, 44.94185704418506
-78.99090393640695, 44.85600711975818
-79.0196370954831, 44.77025720484686
-79.0482629628176, 44.6846180028729
-79.07677988566294, 44.59910021999586
-79.10518458777865, 44.51371444588256
-79.13347576785468, 44.42846707293213
-79.1616535101661, 44.34335927171966
-79.18971848567148, 44.258391884201785
-79.21767119303335, 44.17356575005097
-79.24551202315469, 44.0888814574667
-79.27324383250102, 44.0043320345046
-79.30087272236686, 43.91990176651544
-79.32840436498135, 43.83557444537707
-79.35584488336453, 43.75133385658582
-79.3832, 43.6671638320103
-79.41047503275686, 43.58304957458912
-79.43767470734416, 43.498977762610146
-79.46480368983866, 43.41493514330017
-79.49186694039574, 43.33090846010254
-79.51886887601546, 43.246884454944
-79.54581419746701, 43.16284991145476
-79.57270721888864, 43.07879165534566
-79.59955288871747, 42.99469651186652
-79.62635527628694, 42.910551304165935
-79.65311876998655, 42.82634277133596
-79.67984847173122, 42.74205598419883
-79.70654982795251, 42.65767446170345
-79.73322791713011, 42.573181662346926
-79.75988844592503, 42.488561043502784
-79.78653626921738, 42.40379660228116
-79.81317348001174, 42.31888203806492
-79.83979908738449, 42.23381944478396
-79.86641304728445, 42.14861119641085
-79.89301414551579, 42.0632596702207
-79.91960192422692, 41.97776761222782
-79.94617350841193, 41.892143618218796
-79.97272473897192, 41.80640098974269
-79.99925196384771, 41.7205531651051
-80.02575072535286, 41.634613585838515
-80.05221743029819, 41.54859573668536
-80.07864787646528, 41.46251368278198
-80.10503745807773, 41.37638192482308
-80.13138227413297, 41.29021497778496
-80.1576781223624, 41.204027360160524
-79.3832, 43.07375668262937
-79.41043446521235, 42.98842966600303
-79.43760138767612, 42.903123133900635
-79.4647084136266, 42.81781546543988
-79.49176228558312, 42.73248504415813
-79.03635006336647, 44.729343099375875
-79.06561381778626, 44.641690724005336
-79.09479807884337, 44.55406203760216
-79.12390809525355, 44.466440968397634
-79.1529495663675, 44.37881144340464
-79.18192875688159, 44.291157580742095
-79.21084878592002, 44.2034695357736
-79.23971105175359, 44.115744570472415
-79.26851700434311, 44.02798035218743
-79.2972670761202, 43.9401745458882
-79.3259628948587, 43.85232470638228
-79.35460615235716, 43.76442549865575
-79.3832, 43.67646845236226
-79.41174760232249, 43.58844493760743
-79.44025209611236, 43.500346322214504
-78.55347535664416, 46.14596736821882
-78.58335536480334, 46.060078608944046
-78.61312014950015, 45.97430206524677
-78.64277524793916, 45.88862360315068
-78.67232580465168, 45.803029090391966
-78.7017775496605, 45.717504503518754
-78.73113470186475, 45.632041111449475
-78.76039750347007, 45.54663779949825
-78.7895668665342, 45.46129404425367
-78.81864403258314, 45.37600932234762
-78.84762940424953, 45.290783074906024
-78.87652445057084, 45.20561326737971
-78.90533082501803, 45.12049589206642
-78.93405087246789, 45.035426805053284
-78.96268624656742, 44.95040186412315
-78.99123891622841, 44.86541693947859
-79.01971073123775, 44.78046827705832
-79.04810272910917, 44.695552588190516
-79.07641743804976, 44.61066661297284
-79.10465585957773, 44.525807091215356
-79.1328196536309, 44.44097075704936
-79.16091034415903, 44.35615417644086
-79.18892949083454, 44.271353719240246
-79.21687897901074, 44.1865657413406
-79.24476017604671, 44.101786595596124
-79.272574940134, 44.01701263176845
-79.30032478109273, 43.93224019402416
-79.32801102672893, 43.8474656211558
-79.35563566551531, 43.762685249630465
-79.3832, 43.677895413883654
-79.41070548602123, 43.593092453904376
-79.43815369045879, 43.50827288129722
-79.4655461239092, 43.42343337936671
-79.49288411549779, 43.33857063735886
-79.52016881495719, 43.2536813429535
-79.54740187362695, 43.1687621470255
-79.5745847774635, 43.08380898246597
-79.60171933319302, 42.998817113928304
-79.62880734066695, 42.91378177882187
-79.65585041617861, 42.82869821271798
-79.68285061324498, 42.743561866647184
-79.70980799258469, 42.65837208855678
-79.73672228176203, 42.57313159939816
-79.76359251321145, 42.48784323348624
-79.79041806288336, 42.40250982732388
-79.8171984487038, 42.31713434205896
-79.84393221120166, 42.23172170197054
-79.87061751608344, 42.14627841139401
-79.89725286898737, 42.06081102253697
-79.92383628765401, 41.97532609066652
-79.95036611386533, 41.88983027768187
-79.97684001058127, 41.80433173509958
-80.00325572596715, 41.71883972974328
-80.02961068642036, 41.633363559343515
-80.05590166800847, 41.5479125255062
-78.59977196503765, 45.950715248977836
-78.6294999579248, 45.864764615730586
-78.65919677116476, 45.77868518251996
-78.68886321881732, 45.69247568912529
-78.71849927010926, 45.60613487688395
-78.74810601758088, 45.51966166114385
-78.77768109672712, 45.433062064076466
-78.80721991496173, 45.34635158299599
-78.83671624091812, 45.25954638047427
-78.86616557550535, 45.17266262635771
-78.8955624706954, 45.085716465699775
-78.92490217091758, 44.998722919020025
-78.95418034615298, 44.91169559867432
-78.98339306751645, 44.824648032689495
-79.01253628015915, 44.737593753502836
-79.04160563255002, 44.65054629493952
-79.07059700323751, 44.563519112099996
-79.09950683948499, 44.47652556672562
-79.12833078753782, 44.38957901781561
-79.15706503589544, 44.302692826780174
-79.18570596231557, 44.21588041371587
-79.21424907103763, 44.12915675804436
-79.24268979661858, 44.042538554740624
-79.27102258691184, 43.956042588464854
-79.29924361646219, 43.869685645183054
-79.3273475072932, 43.78348418216822
-79.35533283904806, 43.697446624985936
-79.3832, 43.61157310532721
-79.41094997362877, 43.52586336982762
-79.43858339902408, 43.440317161555704
-79.46610117411414, 43.354933838760516
-79.49350729689966, 43.26970446876808
-79.52080742712359, 43.184612085959984
-79.54800809533738, 43.0996393897085
-79.57511510357325, 43.01476907417991
-79.60213485195922, 42.92998391584421
-79.6290725923009, 42.8452683825578
-79.65593331228254, 42.76060847980373
-79.68272177589448, 42.67599026594377
-79.7094430424005, 42.591399796495516
-79.73610179339781, 42.5068231231143
-79.7627028442206, 42.42224627101861
-79.78925064053381, 42.33765524298517
-79.81575025964, 42.25303603974187
-79.84220623543504, 42.168374660962144
-79.8686229220031, 42.083656998890305
-79.89500555022776, 41.9988672518403
-79.92135980661371, 41.91398826304506
-79.94769117075528, 41.82900283778025
-79.97400474302185, 41.74389378174842
-80.00030572960225, 41.6586446662785
-80.02659648332356, 41.57325007720443
-80.05287501218677, 41.487712865812405
-80.07914163552005, 41.4020360868653
-80.10539449674715, 41.31622279808266
-80.13163317261221, 41.23027642117141
-80.1578551192525, 41.14420511574723
-80.18405685698683, 41.05802037463506
-80.21023508883752, 40.9717337618733
-80.23638620734857, 40.885356843095416
-78.6088015728497, 46.00014146492075
-78.63810902528525, 45.91553365317339
-78.66738066399014, 45.830816598943116
-78.69661378211416, 45.74599825563552
-78.72580620398956, 45.6610865747349
-78.75495494765988, 45.57608948116562
-78.78405825602833, 45.491013593772806
-78.81311475282995, 45.40586359624977
-78.84212328851048, 45.32064401388939
-78.87108222312202, 45.235359369902056
-78.89999077349131, 45.150014177761854
-78.92884742160183, 45.06461260725184
-78.95765146287673, 44.97915835232547
-78.98640187588784, 44.893655069927284
-79.01509748317986, 44.80810641479785
-79.04373780049455, 44.72251599400053
-79.07232231969425, 44.63688564848244
-79.10085164784539, 44.55121492662768
-79.12932592439029, 44.46550322308684
-79.15774612692547, 44.37974993194802
-79.18611255279009, 44.29395445534052
-79.21442542129859, 44.2081164841878
-79.24268552869623, 44.1222360606095
-79.27089282506672, 44.03631324703933
-79.29904742530861, 43.95034810495012
-79.3271501163704, 43.864340696188165
-79.35520083265384, 43.77829112105654
-79.3832, 43.69219952402291
-79.41114753763021, 43.606066051364394
-79.43904386879585, 43.51989084876232
-79.4668892516433, 43.43367404298258
-79.49468389561686, 43.34741528553981
-79.52242880802524, 43.2611137201649
-79.55012432754565, 43.17476846436775
-79.57777061900163, 43.08837863414815
-79.60536899496904, 43.001943449556926
-79.63291897847189, 42.91546455715909
-79.66041898536754, 42.82894603240005
-79.68786842317981, 42.74239205864925
-79.71526620324646, 42.65580682157463
-79.74261155393852, 42.56919463004529
-79.76990192234373, 42.48256227738625
-79.79713537661135, 42.39591888672056
-79.82430931080525, 42.309273676165624
-79.85142080497087, 42.222635868958584
-79.87846763888456, 42.13601466919633
-79.90544755306296, 42.04941884336574
-79.93235823394143, 41.96285677383728
-79.95919722198775, 41.87633683336489
-79.98596274734395, 41.78986739803209
-80.01265238992714, 41.703456831305324
-80.03926431460734, 41.61711323929829
-80.06579658521626, 41.53084451675946
-80.0922471158704, 41.4446585543731
-80.11861383543751, 41.35856324489682
-80.14489500093751, 41.27256658570811
-80.17108835123312, 41.186678113550194
-80.19719102892516, 41.10090855101641
-80.22319985425858, 41.015268653360955
-80.24911301353016, 40.929769177775945
-78.89569198758619, 45.12126239604517
-78.92548507928255, 45.033014276494235
-78.95517277443732, 44.94485468919364
-78.98474820787322, 44.85680870798283
-79.01420341230566, 44.768901412366326
-79.0435309924744, 44.68115790788816
-79.07272272114933, 44.59360418455137
-79.10177097244363, 44.506267414947125
-79.13066733477997, 44.419174859648955
-79.1594039742517, 44.33235378423367
-79.18797321034748, 44.24583115426059
-79.21637040790314, 44.159623196196975
-79.24459596181174, 44.07373277752829
-79.27265064725616, 43.98816192504722
-79.30053472925472, 43.902912659661816
-79.32824878846277, 43.81798639915842
-79.35579940687718, 43.7333664381665
-79.3832, 43.649015114304795
-79.41046382583889, 43.564893583526064
-79.43760452693616, 43.48096298784222
-79.46463525963728, 43.397184581706995
-79.49156805891904, 43.313522905886884
-79.5184139565629, 43.229946037175985
-79.54518351112236, 43.14642221861307
-79.571887358235, 43.0629196852292
-79.59853604165507, 42.979406667468574
-79.625139832088, 42.895851452260885
-79.65170906555433, 42.81222238375394
-79.67825415812125, 42.72848780380701
-79.7047849350151, 42.64461604990713
-79.73131135080291, 42.56057526789548
-79.75784522581318, 42.47632979163742
-79.78439797979095, 42.39184040935339
-79.81098230812415, 42.30706777209124
-79.8376102973896, 42.221972529307926
-79.86429329108964, 42.136516572578714
-79.8910359218523, 42.05068410327602
-79.91783657814317, 41.96447862411383
-79.94469367517719, 41.87790428030555
-79.97160547084107, 41.79096522339023
-79.99857002204779, 41.70366650338585
-80.0255809615822, 41.616027449377626
-80.05262838394249, 41.52807887619019
-80.07970272375965, 41.43985193016184
-80.10679433345972, 41.35137776321757
-80.13389316551515, 41.26268743314125
-80.16099043233697, 41.17381058607273
-80.18807750582997, 41.084775814352206
-80.21514533441909, 40.9956116893108
-80.24218561171385, 40.90634678588403
-78.91643083645079, 45.03959591343274
-78.94631943581888, 44.95086449122132
-78.97611376240059, 44.86218893402975
-79.00581191472396, 44.77357613749374
-79.03541267990639, 44.6850329964536
-79.06491441828868, 44.59656618650595
-79.09431716794988, 44.50817736428755
-79.123622626688, 44.41986316955602
-79.15283236447664, 44.3316200263434
-79.18194843666997, 44.24344436118264
-79.21097267492598, 44.15533274981262
-79.23990579639056, 44.06728469450749
-79.26874696943017, 43.97930239603901
-79.2974973531626, 43.89138816014631
-79.3261555882817, 43.803544296764834
-79.35472244452987, 43.71577267774022
-79.3832, 43.62806746729568
-79.41159265760582, 43.54041627813322
-79.43990567156142, 43.45280651083277
-79.46814307981359, 43.36522556218731
-78.53398928057399, 46.1455334108012
-78.56493432760266, 46.05658600305989
-78.5957624111535, 45.967740355550326
-78.62647538545824, 45.878992682210345
-78.65707457785433, 45.7903392032792
-78.6875631121323, 45.70177624898493
-78.71794099658776, 45.613305290350965
-78.7482053674785, 45.52493519436742
-78.77835406690635, 45.43667540528825
-78.80838496222863, 45.348535370405315
-78.83829544427162, 45.26052452373053
-78.86808294013748, 45.17265163199629
-78.89774631739795, 45.084924569350626
-78.92728363483376, 44.99735115132917
-78.95669280069467, 44.909939197296616
-78.98597226864312, 44.82269643580125
-79.01512139481213, 44.73562726597809
-79.04414097960709, 44.648731943995834
-79.0730323861686, 44.56201046593874
-79.10179545748655, 44.475462826815125
-79.13043176020328, 44.38908881770827
-79.15894413288157, 44.30288207682066
-79.1873375830421, 44.216829126210115
-79.21561784654882, 44.13091608601214
-79.24379010518635, 44.04512907089012
-79.27185948109131, 43.9594542332973
-79.29983075695223, 43.873878846753215
-79.32770852853132, 43.78839139124282
-79.35549683150958, 43.702980403325775
-79.3832, 43.61763441664892
-79.4108221606689, 43.53234196323046
-79.43836790170016, 43.44709159484196
-79.46584092853293, 43.361871883385106
-79.49324558133911, 43.276671400002684
-79.52058582804266, 43.19147871443013
-79.54786561860669, 43.10628233092488
-79.57508969817677, 43.0210694502068
-79.60226274102317, 42.935826060444136
-79.62938939244144, 42.850538102916076
-79.65647442425384, 42.76519151849828
-79.68352212630472, 42.67977267065964
-79.71053520331613, 42.59427551171896
-79.73751303865522, 42.508700559964936
-79.76445647423873, 42.423048553206435
-79.7913643361883, 42.337320232303696
-79.81823723165756, 42.25151661716791
-79.84507334540577, 42.165643145736794
-79.87187000879085, 42.07970881000517
-79.89862505501154, 41.99372270563241
-79.92533550017714, 41.90769393109499
-78.56102398777722, 46.139183454433606
-78.59125731771034, 46.05226941974379
-78.62128882071356, 45.965711630122215
-78.65111593448303, 45.879521446657265
-78.68073645436967, 45.793710225494934
-78.71014798089374, 45.70828888249008
-78.73935507130162, 45.62324861608438
-78.76837125459976, 45.53855326227258
-78.79721114814488, 45.45416462829335
-78.82588905897036, 45.37004450827864
-78.85441863081218, 45.28615476862329
-78.88281315602103, 45.202460541391844
-78.91108331044235, 45.11893120572538
-78.93924042745395, 45.03553641714019
-78.9672955701086, 44.95224582378577
-78.99525953261379, 44.86902906260861
-79.02314288240783, 44.78585560827505
-79.05095647521564, 44.70269474010865
-79.07871123957426, 44.61951572159985
-79.10641733445412, 44.53628781260257
-79.13408518441824, 44.45298017202781
-79.16172688785383, 44.36955906962218
-79.18935395925305, 44.2859874836122
-79.21697919180606, 44.202228211644574
-79.24461425834714, 44.118244050601675
-79.2722715764004, 44.03399838870015
-79.29995745728591, 43.949469952928936
-79.32767357685762, 43.86465384556921
-79.35542088913836, 43.779545972572876
-79.3832, 43.694142245543766
-79.41101233466259, 43.60843927348646
-79.4388535624067, 43.52244957757865
-79.46671382073329, 43.436201592079016
-79.49458366013883, 43.349724449796554
-79.52245405482766, 43.2630472897963
-79.55031509701423, 43.176199094158335
-79.57815881241778, 43.08920551739299
-79.60597808640888, 43.002089096154386
-79.63376589843276, 42.914872250136256
-79.66151529276594, 42.827577401782854
-79.68921937138164, 42.74022699427373
-79.71687104671172, 42.652843814455956
-79.74446338735008, 42.56545095029714
-79.77198952240522, 42.478071500100654
-79.7994424756194, 42.39072856165828
-79.82681580403195, 42.30344535996
-79.8541019332715, 42.216247242585915
-79.88129259257624, 42.129161300706215
-79.90838024025415, 42.04221467366083
-79.93535706714381, 41.955434496494476
-79.96221556693696, 41.86884692613576
-79.98895282513958, 41.78246355437054
-80.01556932088016, 41.69628476174748
-80.04206627073756, 41.6103106385873
-80.06844404165867, 41.5245412733438
-80.09470346773146, 41.43897618259536
-80.12084772195601, 41.353607142618465
-80.1468817800685, 41.26842035227201
-80.17281077169297, 41.18340188782557
-80.19863945000212, 41.09853782643907
-78.69612619926738, 45.74265839523115
-78.72518039543927, 45.658150056031715
-78.75416738402915, 45.57362734448127
-78.78309484864795, 45.489071026752114
-78.81196822255217, 45.40446186626338
-78.84079569885316, 45.31978073586872
-78.8695820550472, 45.235014042828475
-78.89832835407367, 45.150156161110786
-78.92703732233586, 45.065202079530444
-78.95571082922606, 44.980146783003036
-78.98435057481898, 44.89498519974778
-79.01295883250117, 44.80971005243937
-79.0415396455725, 44.72431111530322
-79.07009674403857, 44.638777954236595
-79.09863298526197, 44.553100132781296
-79.12715251096635, 44.467267313714956
-79.15565748190872, 44.38127273650167
-79.18414836393745, 44.29511408911261
-79.21262604993443, 44.20878933717578
-79.24109108976394, 44.12229644593575
-79.26954448991765, 44.035633544690306
-79.29798494946628, 43.94880374945045
-79.32640968631445, 43.86181594233817
-79.35481569522902, 43.77467932785424
-79.3832, 43.687403111457684
-79.41156016502221, 43.599996462728846
-79.43989285482009, 43.512467587178314
-79.46819636512313, 43.424823653293394
-79.49646852416836, 43.3370717781828
-79.52470734802965, 43.24921907852574
-79.55291019933783, 43.16127268177414
-79.58107540326601, 43.07323997613868
-79.60920073713318, 42.98512861067416
-79.6372836600209, 42.89694624492403
-79.66532215779402, 42.80870053736324
-79.6933140696434, 42.72039914280203
-79.72125726755166, 42.632049667161695
-79.74914948668899, 42.54365966979279
-79.77698898850247, 42.455236705194494
-79.80477321380945, 42.36678832454636
-79.83250029849079, 42.27832206518604
-79.86016877949415, 42.18984527746582
-79.88777573777188, 42.10136515326716
-79.9153206258509, 42.012888881476236
-79.94280055941839, 41.924423653017016
-79.97021385883964, 41.83597661291822
-79.99755938109365, 41.74755414429613
-80.02483530419687, 41.6591620198635
-80.05204066105745, 41.5708059996031
-80.0791739916661, 41.48249184798784
-80.10623381172907, 41.394225480723705
-80.1332181478634, 41.30601492104806
-80.16012450057381, 41.217869769562824
-80.18695054983566, 41.12979966977068
-80.21369332331655, 41.04181427004957
-80.24035135633254, 40.95392261188019
-80.26692454603347, 40.86612586417561
-80.29341423820522, 40.778419723208216
-80.31982262938668, 40.690799771676396
-80.34615139805406, 40.60326158919264
-78.94988558903302, 44.9870521911102
-78.9794613063507, 44.899122602356144
-79.00897041890848, 44.811169811817685
-79.03840600149212, 44.72321877664371
-79.06775969404221, 44.63529445659334
-79.09702371696979, 44.54742182005645
-79.12618995665122, 44.459626114241985
-79.15525111902663, 44.37193295928874
-79.18419981026734, 44.28436800290436
-79.21302702943896, 44.196956893823646
-79.24172626431518, 44.10972504822423
-79.27029236966005, 44.022689661633244
-79.29872390630625, 43.935857705871086
-79.32701994802503, 43.84923550905027
-79.35517890778019, 43.76282939432832
-79.3832, 43.67664521469569
-79.41108656805399, 43.59067471353861
-79.43884793933817, 43.504893321033464
-79.46649275227678, 43.419275551281366
-79.49402990029387, 43.33379591122603
-79.52146833927564, 43.2484290011883
-79.54881611687975, 43.16315204030711
-79.57608016153361, 43.07794506456514
-79.6032668039971, 42.992788244905014
-79.6303836590295, 42.90766174836588
-79.65743677217048, 42.822545731010266
-79.68443284692111, 42.737420171551626
-79.71137890860491, 42.652264871970175
-79.73828175879657, 42.56705962479262
-79.76514746927512, 42.481784221186686
-79.79198292250065, 42.39641834775154
-79.81879529220676, 42.31093959113505
-79.84559233661324, 42.22532358519762
-79.87238143135602, 42.13954589005744
-79.89917072697378, 42.053582067029275
-79.92596712831495, 41.96740838095485
-79.95277425765225, 41.88101369676537
-79.97959172961792, 41.794397778662415
-80.00642008074239, 41.70756075285474
-80.03325816921692, 41.62050274824548
-80.06010675261267, 41.53322438580402
-80.08696236793907, 41.445734116559336
-80.11382041010823, 41.358046688303496
-80.14067728148302, 41.270177027632876
-80.1675275739199, 41.18214006118236
-78.92085382683362, 45.02118682625124
-78.95005892092958, 44.934454856368774
-78.97923153292693, 44.8476047419751
-79.00837157760526, 44.760637991612505
-79.03747863817564, 44.673556115832746
-79.06655224495223, 44.58636084039406
-79.09559013057002, 44.4990587982703
-79.12458909307956, 44.41166153100026
-79.15354489840631, 44.324180797644296
-79.18245452765045, 44.23662836120846
-79.21131364059735, 44.1490160244038
-79.24011909031775, 44.06135631310094
-79.26886641837932, 43.9736624207165
-79.29755186893395, 43.885947569949536
-79.32617121945178, 43.79822498748839
-79.35472106235616, 43.71050749956388
-79.3832, 43.622800888196736
-79.41160801471409, 43.53510494721861
-79.43994630993247, 43.44741927528279
-79.46821524576887, 43.35974346599309
-78.67646489463131, 45.78867384483829
-78.70709834582382, 45.69969926573683
-78.73761536745508, 45.61083078124833
-78.76802062526629, 45.52205794199833
-78.79831756161433, 45.43337030235789
-78.82851139480213, 45.34475752754886
-78.85860418048941, 45.25621457554351
-78.88859555280015, 45.16774401986855
-78.91848498748747, 45.07934902652196
-78.94827263771924, 44.99103276284083
-78.97795782639395, 44.902798370578644
-79.00754034530308, 44.81464788400972
-79.0370210547217, 44.7265818566965
-79.06640049858603, 44.63860074143572
-79.09567871365068, 44.550704994009706
-79.1248562431295, 44.46289503325162
-79.15393483741212, 44.37516987728394
-79.18291534777737, 44.28752679984726
-79.21179948289137, 44.19996296461139
-79.2405891021101, 44.112475534362034
-79.2692850706265, 44.02506157080176
-79.29789070688761, 43.937715090464486
-79.32640921008955, 43.85042658681207
-79.35484446799177, 43.763186352029486
-79.3832, 43.675984673102214
-79.41147979106861, 43.58881185238104
-79.4396868188848, 43.501658716183314
-79.46782472610869, 43.41451665533147
-79.49589644895374, 43.32737708550544
-79.52390523061554, 43.24023141927335
-79.55185394943231, 43.15307107276909
-79.5797460920537, 43.0658876062394
-79.60758440950501, 42.97867272410816
-79.63537162507535, 42.89141813501936
-79.66311094191283, 42.804115545753966
-79.69080521589042, 42.71675660320919
-79.71845790623406, 42.62933177608877
-79.74607237844486, 42.54183043712833
-79.77365214619138, 42.45424191578125
-79.80120086164828, 42.36655554030479
-79.82872205348966, 42.278761008558924
-79.85621641825017, 42.19085467276819
-79.88368390792263, 42.10283864278288
-79.91112409817174, 42.014715220182495
-79.93853606500906, 41.92648670851361
-79.96591933687156, 41.83815565242278
-79.99327202135524, 41.74972842348051
-80.02059116533565, 41.661214471717514
-80.04787449110711, 41.57262333634526
-80.07511907342517, 41.483964558180816
-78.56925807935252, 46.10023029407952
-78.59960739249388, 46.012894569460705
-78.62985953833372, 45.92561195156243
-78.66001224245791, 45.83838990044779
-78.69006409195134, 45.75123587790202
-78.72001286405937, 45.66415730746903
-78.74985735497293, 45.57715981297828
-78.7795970579415, 45.49024651941472
-78.80923185657002, 45.40342036701436
-78.83876163902683, 45.31668429523285
-78.86818582609331, 45.2300411162545
-78.89750584463677, 45.143488726515656
-78.92672550193798, 45.05701863569582
-78.95584818284837, 44.97062192371315
-78.98487774091848, 44.884289667618155
-79.01381731732015, 44.79801296696442
-79.04267080128132, 44.71178376547681
-79.07144077171887, 44.62559503472268
-79.10012992960195, 44.53943980684511
-79.12874095153953, 44.453311112535594
-79.15727699377383, 44.36720197666868
-79.18574088504343, 44.281105288960575
-79.2141353003363, 44.195013785377995
-79.24246289244911, 44.10892019272986
-79.27072679163194, 44.022817237166706
-79.29892977078804, 43.936697630710725
-79.32707399669931, 43.85055373076805
-79.35516322228473, 43.7643775166827
-79.3832, 43.678160949891854
-79.41118769784701, 43.59189599258522
-79.43912845791417, 43.50557469651298
-79.46702471768553, 43.419191151319176
-79.49487804279859, 43.33274148358842
-79.5226899630229, 43.246221907794286
-79.55046199741749, 43.15962863784508
-79.57819512012908, 43.07295799151963
-79.60589043144124, 42.986208425719425
-79.63354751364179, 42.899380399987734
-79.66116727657938, 42.812474448492324
-79.68874878273708, 42.725491102722145
-79.71629244711364, 42.63843086384908
-79.7437991473671, 42.55129372270114
-79.77126819075313, 42.4640792221677
-79.79870023053995, 42.37678688776368
-79.82609591928522, 42.289416242766904
-79.85345573458268, 42.20196682578947
-79.88077907379106, 42.114438463927044
-79.90806695588155, 42.02683122110381
-79.93531938888273, 41.93914516623366
-79.96253621353488, 41.85138036612293
-79.98971778446787, 41.76353684143704
-80.01686444753012, 41.675613951773755
-80.04397683566468, 41.5876105467421
-80.07105558275993, 41.49952545987121
-80.09810098291547, 41.41135752167792
-80.12511376586947, 41.32310583320811
-80.15209293711006, 41.23477320676802
-80.17903721197216, 41.146365132037054
-80.20594513435861, 41.05788716005291
-80.2328150958281, 40.96934484400038
-78.70038718048701, 45.67982836203789
-78.73098825614721, 45.590664364707514
-78.76150894927045, 45.50150277135045
-78.79195104611136, 45.41233892580123
-78.82231664596763, 45.32316817494384
-78.85260830364142, 45.23398597805345
-78.88282523946401, 45.1447932048056
-78.91296575182099, 45.05559851025441
-78.94302699200765, 44.966411154172484
-78.97300647695548, 44.87724039648447
-79.0029012531389, 44.78809546675795
-79.0327095676879, 44.69898434392737
-79.0624296294352, 44.6099133344412
-79.0920607033064, 44.52088862771288
-79.12160021956336, 44.431916412913836
-79.15104731165074, 44.3430028540272
-79.18040085170435, 44.25415324621668
-79.20965966857948, 44.165371805096356
-79.23882345808072, 44.07666267887265
-79.26789141830086, 43.98803001580518
-79.29686277422816, 43.89947789061836
-79.32573733493732, 43.81100814733771
-79.35451624322309, 43.722620052579515
-79.3832, 43.63431273170253
-79.41179010490761, 43.546085312333254
-79.4402868668367, 43.45793694283134
-79.46869130493096, 43.36986725351206
-79.49700396467169, 43.281876392519386
-79.52522504298949, 43.19396453550451
-79.55335557160763, 43.10613186000601
-79.5813954036116, 43.018378534217945
-79.60934579736326, 42.93070446834842
-79.63720722939672, 42.84310931438967
-79.66498017206284, 42.75559271486511
-79.69266542787754, 42.6681543142194
-79.72026345034197, 42.58079378644256
-79.74777505105291, 42.49351136997025
-79.775200404512, 42.40630782902415
-79.80253950798519, 42.31918395043097
-79.82979302880747, 42.23214052391765
-79.85696099818472, 42.145178176498455
-79.88404484082045, 42.05829456762472
-79.9110464258417, 41.97148478712116
-79.93796813100606, 41.88474383780804
-79.9648116435774, 41.798066720390665
-79.9915793452119, 41.7114482741262
-80.018273878309, 41.62488078341685
-80.0448983534941, 41.538354475281544
-80.07145687665371, 41.4518595134048
-80.09795251757191, 41.365386056355426
-80.12438827944382, 41.27892442572642
-80.15076724044779, 41.192467340871495
-80.17709119494782, 41.10600931472168
-80.20336207745964, 41.01954490220995
-80.22958164068494, 40.9330686570548
-78.89263339754007, 45.10367065680974
-78.92203327097434, 45.016568724697514
-78.95137643593795, 44.92941846156776
-78.98066035662598, 44.84222805426514
-79.00988269031241, 44.75500569447997
-79.03904111913903, 44.66775957083413
-79.06813325900228, 44.58049757706708
-79.09715701990542, 44.49322722183272
-79.1261106739096, 44.405955990908616
-79.15499167307208, 44.31869137295752
-79.18379833081362, 44.23144085524745
-79.2125285115998, 44.14421179023448
-79.2411804783843, 44.0570113656577
-79.26975268330087, 43.96984676127171
-79.29824208231638, 43.88272515874032
-79.32664816302706, 43.79565377177373
-79.35496835166241, 43.708640709178965
-79.3832, 43.62169509958632
-79.41134097275517, 43.534826128670375
-79.4393888210491, 43.448042983522235
-79.46734099280201, 43.36135467926256
-79.49519676993224, 43.274765739823785
-79.52295715669584, 43.18827589349322
-79.55062254066767, 43.10188463297586
-79.57819380433023, 43.01559144917663
-79.60567170886796, 42.92939562963117
-79.63305850175246, 42.84329182252472
-79.66035807254418, 42.75727003570697
-79.68757382339574, 42.6713200719255
-79.71470996504175, 42.58543173073257
-79.74176999272156, 42.499594855633035
-79.76875730042312, 42.413800248943836
-79.7956746965491, 42.328039611526364
-79.822525291585, 42.24230467709241
-79.84931200271744, 42.156587177698206
-79.87603789160217, 42.07087884074855
-79.90270617680977, 41.98517133347538
-79.92931888828424, 41.89945627033015
-79.95587988264414, 41.81372526314555
-79.98239147769866, 41.72796992310181
-80.008856988825, 41.642181813991144
-80.03527922129895, 41.55635172236607
-80.0616616121439, 41.47046979606448
-80.0880070713839, 41.38452616424203
-80.11431932397257, 41.29851095658068
-80.14060097873995, 41.212414643938814
-80.16685374968843, 41.1262327914108
-80.19307790957865, 41.03996488556006
-80.21927404220486, 40.95361051429639
-80.24544188875007, 40.8671692660297
